[
    {
        type: "Feature",
        id: "u_fe_builtup_areas.14062",
        geometry: {
            type: "MultiPolygon",
            coordinates: [
                [
                    [
                        [
                            3.3246157,
                            6.6281874
                        ],
                        [
                            3.3247304,
                            6.6241705
                        ],
                        [
                            3.3247692,
                            6.6238046
                        ],
                        [
                            3.3249308,
                            6.6235735
                        ],
                        [
                            3.3251699,
                            6.6227326
                        ],
                        [
                            3.3253896,
                            6.6224887
                        ],
                        [
                            3.3257321,
                            6.6225015
                        ],
                        [
                            3.3266304,
                            6.6221356
                        ],
                        [
                            3.3273865,
                            6.6219623
                        ],
                        [
                            3.3277161,
                            6.6219174
                        ],
                        [
                            3.3281038,
                            6.6217633
                        ],
                        [
                            3.3290667,
                            6.6211856
                        ],
                        [
                            3.3296096,
                            6.6208068
                        ],
                        [
                            3.3303463,
                            6.6200558
                        ],
                        [
                            3.3314901,
                            6.6183418
                        ],
                        [
                            3.332033,
                            6.6181364
                        ],
                        [
                            3.3337584,
                            6.6178154
                        ],
                        [
                            3.3346696,
                            6.6174688
                        ],
                        [
                            3.3352513,
                            6.6171221
                        ],
                        [
                            3.3354904,
                            6.6169424
                        ],
                        [
                            3.3354128,
                            6.616769
                        ],
                        [
                            3.3356584,
                            6.6142719
                        ],
                        [
                            3.3339458,
                            6.6140986
                        ],
                        [
                            3.3332091,
                            6.6140729
                        ],
                        [
                            3.3329442,
                            6.6139959
                        ],
                        [
                            3.3329183,
                            6.6097061
                        ],
                        [
                            3.3330346,
                            6.602298
                        ],
                        [
                            3.3315871,
                            6.6059057
                        ],
                        [
                            3.3299585,
                            6.6099885
                        ],
                        [
                            3.3292864,
                            6.6112596
                        ],
                        [
                            3.3289245,
                            6.6121198
                        ],
                        [
                            3.3284205,
                            6.6133266
                        ],
                        [
                            3.3281361,
                            6.6141098
                        ],
                        [
                            3.3271651,
                            6.6162667
                        ],
                        [
                            3.3263735,
                            6.6182311
                        ],
                        [
                            3.3253815,
                            6.6207025
                        ],
                        [
                            3.3246254,
                            6.6220506
                        ],
                        [
                            3.3241698,
                            6.6228915
                        ],
                        [
                            3.3235656,
                            6.6247114
                        ],
                        [
                            3.3232198,
                            6.625533
                        ],
                        [
                            3.3228385,
                            6.6266018
                        ],
                        [
                            3.322593,
                            6.6273336
                        ],
                        [
                            3.3233879,
                            6.6276963
                        ],
                        [
                            3.3240632,
                            6.6279531
                        ],
                        [
                            3.3243928,
                            6.6281296
                        ],
                        [
                            3.3244865,
                            6.6282131
                        ],
                        [
                            3.3246157,
                            6.6281874
                        ]
                    ]
                ]
            ]
        },
        geometry_name: "geom",
        properties: {
            state_code: "LA",
            source: "GRID",
            name: "Agege",
            name_calc: "Agege",
            ward_code: "LASAGG13",
            ward_dist: 0.9231107,
            lga_dist: 2.8419848,
            major_road_dist: 428697.99825837,
            tertiary_road_dist: 418620.39038078,
            global_id: "f7ae4133-1cd3-4ee1-9d3a-e8d39031d870"
        }
    },
    {
        type: "Feature",
        id: "u_fe_builtup_areas.1728",
        geometry: {
            type: "MultiPolygon",
            coordinates: [
                [
                    [
                        [
                            3.3801357,
                            6.5482714
                        ],
                        [
                            3.3803631,
                            6.5488416
                        ],
                        [
                            3.3803645,
                            6.5488471
                        ],
                        [
                            3.380405,
                            6.5491745
                        ],
                        [
                            3.3804051,
                            6.549178
                        ],
                        [
                            3.380394,
                            6.5496375
                        ],
                        [
                            3.380394,
                            6.5496381
                        ],
                        [
                            3.3803374,
                            6.550764
                        ],
                        [
                            3.3803372,
                            6.5507659
                        ],
                        [
                            3.380183,
                            6.551955
                        ],
                        [
                            3.380183,
                            6.5519554
                        ],
                        [
                            3.3800574,
                            6.5528218
                        ],
                        [
                            3.3800121,
                            6.5535904
                        ],
                        [
                            3.3799898,
                            6.5541835
                        ],
                        [
                            3.3800974,
                            6.5545338
                        ],
                        [
                            3.3802278,
                            6.5547659
                        ],
                        [
                            3.3804281,
                            6.5550058
                        ],
                        [
                            3.3804301,
                            6.5550089
                        ],
                        [
                            3.3804316,
                            6.5550126
                        ],
                        [
                            3.3804324,
                            6.5550166
                        ],
                        [
                            3.3806984,
                            6.5574174
                        ],
                        [
                            3.3806985,
                            6.5574186
                        ],
                        [
                            3.3807684,
                            6.5585846
                        ],
                        [
                            3.3807684,
                            6.5585862
                        ],
                        [
                            3.3807671,
                            6.5588718
                        ],
                        [
                            3.3820315,
                            6.5587975
                        ],
                        [
                            3.385331,
                            6.5568762
                        ],
                        [
                            3.387294,
                            6.554955
                        ],
                        [
                            3.3879623,
                            6.5512796
                        ],
                        [
                            3.3884635,
                            6.5502355
                        ],
                        [
                            3.3885584,
                            6.5491275
                        ],
                        [
                            3.3877864,
                            6.5489252
                        ],
                        [
                            3.3877861,
                            6.5489251
                        ],
                        [
                            3.3871772,
                            6.5487476
                        ],
                        [
                            3.385902,
                            6.5483867
                        ],
                        [
                            3.3844664,
                            6.5480146
                        ],
                        [
                            3.3830088,
                            6.5477919
                        ],
                        [
                            3.3821318,
                            6.5478213
                        ],
                        [
                            3.3811682,
                            6.5479941
                        ],
                        [
                            3.3809076,
                            6.5480641
                        ],
                        [
                            3.3801357,
                            6.5482714
                        ]
                    ]
                ]
            ]
        },
        geometry_name: "geom",
        properties: {
            state_code: "LA",
            source: "ORNL_08_2017",
            name: "Anthony",
            name_calc: "Anthony",
            ward_code: "LASKSE06",
            ward_dist: 1.52513238,
            lga_dist: 1.9916118,
            major_road_dist: 433893.90764561,
            tertiary_road_dist: 423893.04102272,
            global_id: "1d88ee82-c309-4e29-9120-6936efc24dd4"
        }
    },
    {
        type: "Feature",
        id: "u_fe_builtup_areas.3620",
        geometry: {
            type: "MultiPolygon",
            coordinates: [
                [
                    [
                        [
                            3.367374,
                            6.5584116
                        ],
                        [
                            3.367618,
                            6.5583848
                        ],
                        [
                            3.3682258,
                            6.5582353
                        ],
                        [
                            3.3688218,
                            6.5580514
                        ],
                        [
                            3.3695208,
                            6.5576955
                        ],
                        [
                            3.3700363,
                            6.5573627
                        ],
                        [
                            3.3705518,
                            6.5569382
                        ],
                        [
                            3.3721239,
                            6.5553522
                        ],
                        [
                            3.3742015,
                            6.5532368
                        ],
                        [
                            3.3742016,
                            6.5532368
                        ],
                        [
                            3.3759923,
                            6.5514318
                        ],
                        [
                            3.3759924,
                            6.5514316
                        ],
                        [
                            3.3776539,
                            6.5497987
                        ],
                        [
                            3.377829,
                            6.5496266
                        ],
                        [
                            3.3778304,
                            6.5496254
                        ],
                        [
                            3.3782515,
                            6.5493069
                        ],
                        [
                            3.3787491,
                            6.5489306
                        ],
                        [
                            3.3789722,
                            6.548762
                        ],
                        [
                            3.3785518,
                            6.5480781
                        ],
                        [
                            3.377782,
                            6.5468472
                        ],
                        [
                            3.3776832,
                            6.5467008
                        ],
                        [
                            3.3776815,
                            6.5466976
                        ],
                        [
                            3.3776803,
                            6.546694
                        ],
                        [
                            3.3776798,
                            6.5466902
                        ],
                        [
                            3.3776798,
                            6.5466864
                        ],
                        [
                            3.3776925,
                            6.5465619
                        ],
                        [
                            3.3776936,
                            6.5465569
                        ],
                        [
                            3.377735,
                            6.5464356
                        ],
                        [
                            3.377735,
                            6.5464355
                        ],
                        [
                            3.3777813,
                            6.5463026
                        ],
                        [
                            3.3777775,
                            6.5462482
                        ],
                        [
                            3.373929,
                            6.5452236
                        ],
                        [
                            3.3676642,
                            6.5460589
                        ],
                        [
                            3.3673718,
                            6.5583798
                        ],
                        [
                            3.367374,
                            6.5584116
                        ]
                    ]
                ]
            ]
        },
        geometry_name: "geom",
        properties: {
            state_code: "LA",
            source: "ORNL_08_2017",
            name: "Anthony",
            name_calc: "Anthony",
            ward_code: "LASSMU15",
            ward_dist: 1.52227533,
            lga_dist: 1.78981401,
            major_road_dist: 434452.22104169,
            tertiary_road_dist: 424438.97768434,
            global_id: "3e6425c8-e6b1-42a8-898f-e4b9b84ce3a9"
        }
    },
    {
        type: "Feature",
        id: "u_fe_builtup_areas.3620",
        geometry: {
            type: "MultiPolygon",
            coordinates: [
                [
                    [
                        [
                            3.367374,
                            6.5584116
                        ],
                        [
                            3.367618,
                            6.5583848
                        ],
                        [
                            3.3682258,
                            6.5582353
                        ],
                        [
                            3.3688218,
                            6.5580514
                        ],
                        [
                            3.3695208,
                            6.5576955
                        ],
                        [
                            3.3700363,
                            6.5573627
                        ],
                        [
                            3.3705518,
                            6.5569382
                        ],
                        [
                            3.3721239,
                            6.5553522
                        ],
                        [
                            3.3742015,
                            6.5532368
                        ],
                        [
                            3.3742016,
                            6.5532368
                        ],
                        [
                            3.3759923,
                            6.5514318
                        ],
                        [
                            3.3759924,
                            6.5514316
                        ],
                        [
                            3.3776539,
                            6.5497987
                        ],
                        [
                            3.377829,
                            6.5496266
                        ],
                        [
                            3.3778304,
                            6.5496254
                        ],
                        [
                            3.3782515,
                            6.5493069
                        ],
                        [
                            3.3787491,
                            6.5489306
                        ],
                        [
                            3.3789722,
                            6.548762
                        ],
                        [
                            3.3785518,
                            6.5480781
                        ],
                        [
                            3.377782,
                            6.5468472
                        ],
                        [
                            3.3776832,
                            6.5467008
                        ],
                        [
                            3.3776815,
                            6.5466976
                        ],
                        [
                            3.3776803,
                            6.546694
                        ],
                        [
                            3.3776798,
                            6.5466902
                        ],
                        [
                            3.3776798,
                            6.5466864
                        ],
                        [
                            3.3776925,
                            6.5465619
                        ],
                        [
                            3.3776936,
                            6.5465569
                        ],
                        [
                            3.377735,
                            6.5464356
                        ],
                        [
                            3.377735,
                            6.5464355
                        ],
                        [
                            3.3777813,
                            6.5463026
                        ],
                        [
                            3.3777775,
                            6.5462482
                        ],
                        [
                            3.373929,
                            6.5452236
                        ],
                        [
                            3.3676642,
                            6.5460589
                        ],
                        [
                            3.3673718,
                            6.5583798
                        ],
                        [
                            3.367374,
                            6.5584116
                        ]
                    ]
                ]
            ]
        },
        geometry_name: "geom",
        properties: {
            state_code: "LA",
            source: "ORNL_08_2017",
            name: "Anthony",
            name_calc: "Anthony",
            ward_code: "LASSMU15",
            ward_dist: 1.52227533,
            lga_dist: 1.78981401,
            major_road_dist: 434452.22104169,
            tertiary_road_dist: 424438.97768434,
            global_id: "3e6425c8-e6b1-42a8-898f-e4b9b84ce3a9"
        }
    },
    {
        type: "Feature",
        id: "u_fe_builtup_areas.102",
        geometry: {
            type: "MultiPolygon",
            coordinates: [
                [
                    [
                        [
                            3.9809699,
                            6.6824036
                        ],
                        [
                            3.9842168,
                            6.6786321
                        ],
                        [
                            3.9844917,
                            6.6782394
                        ],
                        [
                            3.9851201,
                            6.6769887
                        ],
                        [
                            3.985202,
                            6.6767014
                        ],
                        [
                            3.9876131,
                            6.6705679
                        ],
                        [
                            3.9862578,
                            6.6694558
                        ],
                        [
                            3.9877111,
                            6.6576637
                        ],
                        [
                            3.9878244,
                            6.6562545
                        ],
                        [
                            3.9879613,
                            6.6551909
                        ],
                        [
                            3.9893213,
                            6.6510006
                        ],
                        [
                            3.9893021,
                            6.6484649
                        ],
                        [
                            3.98909,
                            6.6475411
                        ],
                        [
                            3.988113,
                            6.6439596
                        ],
                        [
                            3.9849749,
                            6.6449228
                        ],
                        [
                            3.9833121,
                            6.6506929
                        ],
                        [
                            3.9813391,
                            6.6549634
                        ],
                        [
                            3.9820472,
                            6.6569288
                        ],
                        [
                            3.9811462,
                            6.6585387
                        ],
                        [
                            3.9789374,
                            6.6588023
                        ],
                        [
                            3.9751352,
                            6.6660023
                        ],
                        [
                            3.9766407,
                            6.6705956
                        ],
                        [
                            3.9750417,
                            6.6741646
                        ],
                        [
                            3.9767695,
                            6.6786956
                        ],
                        [
                            3.9795207,
                            6.6843261
                        ],
                        [
                            3.9809699,
                            6.6824036
                        ]
                    ]
                ]
            ]
        },
        geometry_name: "geom",
        properties: {
            state_code: "LA",
            source: "ORNL_02_2017",
            name: "Mojoda",
            name_calc: "Mojoda",
            ward_code: "LASEPE15",
            ward_dist: 4.6273598,
            lga_dist: 154.74031301,
            major_road_dist: 403240.69757112,
            tertiary_road_dist: 393932.44408979,
            global_id: "019fef0e-0ad1-4358-bd9f-fe893ab9795b"
        }
    }
]
